0	0	0.2009805	0.115902	0.0460997
0	0	0.2009805	0.120841	0.0457746
0	0	0.2009805	0.136678	0.04098
0	0	0.2009805	0.125522	0.0442481
0	0	0.2009805	0.103648	0.041306
0	0	0.2009805	0.110839	0.044292
0	0	0.2009805	0.111446	0.0429932
0	0	0.2009805	0.115574	0.0445334
0	0	0.2009805	0.115633	0.0446213
0	0	0.2009805	0.124871	0.0447664
0	0	0.2009805	0.0970954	0.038273
0	0	0.2009805	0.130005	0.0383794
0	0	0.2009805	0.111445	0.044115
0	0	0.2009805	0.120248	0.0442186
0	0	0.2009805	0.136719	0.0393215
0	0	0.2009805	0.115539	0.0454912
0	0	0.2009805	0.0907539	0.0389412
0	0	0.2009805	0.10786	0.0433094
0	0	0.2009805	0.115777	0.0442913
0	0	0.2009805	0.130447	0.0393051
0	0	0.2009805	0.103663	0.0373503
0	0	0.2009805	0.0984451	0.0361793
0	0	0.2009805	0.136867	0.0381809
0	0	0.2009805	0.0844135	0.0340694
0	0	0.2009805	0.120538	0.0412005
0	0	0.2009805	0.120614	0.0404595
0	0	0.2009805	0.130676	0.0385069
0	0	0.2009805	0.113118	0.0407474
0	0	0.2009805	0.0903715	0.0355856
0	0	0.2009805	0.0841489	0.0357828
0	0	0.2009805	0.125676	0.0382201
0	0	0.2009805	0.142721	0.0339158
0	0	0.2009805	0.0776312	0.0375986
0	0	0.2009805	0.136959	0.0369313
0	0	0.2009805	0.0981579	0.0338666
0	0	0.2009805	0.119365	0.0389445
0	0	0.2009805	0.103584	0.0336739
0	0	0.2009805	0.0903038	0.034917
0	0	0.2009805	0.131964	0.035609
0	0	0.2009805	0.148676	0.0307001
0	0	0.2009805	0.0947258	0.0424881
0	0	0.2009805	0.135746	0.0385087
0	0	0.2009805	0.113302	0.0374959
0	0	0.2009805	0.0841758	0.0340132
0	0	0.2009805	0.141975	0.0290524
0	0	0.2009805	0.103625	0.0358155
0	0	0.2009805	0.0745162	0.0326336
0	0	0.2009805	0.125595	0.0358449
0	0	0.2009805	0.0980453	0.0324483
0	0	0.2009805	0.0679589	0.0331322
0	0	0.2009805	0.141465	0.0384843
0	0	0.2009805	0.119896	0.0365666
0	0	0.2009805	0.107316	0.0371991
0	0	0.2009805	0.0987561	0.0388599
0	0	0.2009805	0.0801676	0.0328215
0	0	0.2009805	0.14173	0.0325193
0	0	0.2009805	0.132063	0.0346931
0	0	0.2009805	0.0641031	0.0323191
0	0	0.2009805	0.0853176	0.0393481
0	0	0.2009805	0.0671876	0.0349068
0	0	0.2009805	0.113371	0.0353405
0	0	0.2009805	0.146246	0.0257685
0	0	0.2009805	0.0597241	0.0322243
0	0	0.2009805	0.0711845	0.0361315
0	0	0.2009805	0.0886352	0.031294
0	0	0.2009805	0.0867271	0.0336268
0	0	0.2009805	0.0811883	0.0338531
0	0	0.2009805	0.144909	0.0290977
0	0	0.2009805	0.125492	0.033337
0	0	0.2009805	0.105407	0.0492107
0	0	0.2009805	0.0919202	0.0364011
0	0	0.2009805	0.0812556	0.0330326
0	0	0.2009805	0.0810674	0.0357335
0	0	0.2009805	0.0812889	0.0326272
0	0	0.2009805	0.106788	0.0347431
0	0	0.2009805	0.0418243	0.0319054
0	0	0.2009805	0.0418237	0.0319028
0	0	0.2009805	0.0637358	0.0337862
0	0	0.2009805	0.134553	0.0436132
0	0	0.2009805	0.142637	0.0497502
0	0	0.2009805	0.0553491	0.0320108
0	0	0.2009805	0.0882661	0.0345799
0	0	0.2009805	0.0669579	0.0357001
0	0	0.2009805	0.139226	0.0293358
0	0	0.2009805	0.0410912	0.0296146
0	0	0.2009805	0.12857	0.0310848
0	0	0.2009805	0.0942065	0.0353263
0	0	0.2009805	0.0599113	0.0336599
0	0	0.2009805	0.119574	0.0334331
0	0	0.2009805	0.0597246	0.0332749
0	0	0.2009805	0.0866767	0.03361
0	0	0.2009805	0.152496	0.0248818
0	0	0.2009805	0.13367	0.0301537
0	0	0.2009805	0.148615	0.0283575
0	0	0.2009805	0.14328	0.0287955
0	0	0.2009805	0.0483601	0.0303923
0	0	0.2009805	0.116979	0.0439477
0	0	0.2009805	0.123952	0.0314423
0	0	0.2009805	0.0762836	0.0320036
0	0	0.2009805	0.0666455	0.0315481
